484
485
505
506
525
527
528
529
534
536
538
539
572
573
574
575
631
632
686
687
688
689
690
691
692
693
694
695
696
697
740
741
742
1308
1335
1336
1337
1338
1339
1342
1343
1344
1345
1346
1347
1348
1349
1350
1351
1352
1353
1354
1355
1356
1357
1358
1359
1360
1387
5531
7116
7223
7227
7228
7229
7230
7231
7232
7233
7234
7235
7236
7237
7238
7239
7240
7241
7247
7248
7249
7250
7251
7252
7253
7255
7256
7257
7258
7259
7260
7261
7262
7263
7264
7265
7268
7270
7271
7272
7273
7274
7276
7277
7278
7279
7280
7283
7284
7285
7286
7287
7288
7289
7290
7291
7292
7293
7294
7295
7297
7298
7299
7301
7490
7511
7512
7513
7518
7519
7520
7521
7522
7523
7524
7525
7526
7527
7528
7529
7530
7531
7532
7533
7534
7535
7536
7537
7538
7539
7540
7541
7542
7543
7544
7545
7546
7547
7548
7549
7550
7551
7552
7553
7554
7555
7556
7557
7558
7559
7560
7561
7562
7563
7564
7565
7568
7578
7579
7580
7581
7584
7585
7586
7587
7588
7589
7590
7591
7592
7593
7594
7598
7599
7600
7602
7603
7605
7606
7608
7630
7632
7633
7646
7647
7650
7651
7652
7653
7708
7709
7710
7711
7712
7713
7714
7724
7726
7728
7729
7732
7734
7735
7736
7737
7739
7740
7742
7743
7744
7745
7747
7749
7750
7756
7757
7877
7878
7879
7882
8157
8159
8162
8405
8544
8545
8546
8547
8548
8549
8550
8554
8555
8556
8557
8558
8559
8560
8561
8562
8563
8564
8565
8566
8567
8568
8569
8570
8571
8572
8573
8574
8575
8576
8577
8578
8579
8580
8581
8582
8583
8584
8585
8586
8587
8594
8595
8596
8597
8606
8607
8608
8609
8610
8611
8612
8613
8614
8615
8616
8617
8618
8619
8620
8621
8635
8646
8725
8916
8921
9071
9073
9074
9080
9083
9084
9085
9086
9103
9107
9129
9130
9131
9132
9133
9134
9135
9136
9137
9138
9139
9140
9142
9240
9241
9242
9243
9244
9245
9246
9247
9248
9249
9250
9251
9252
9253
9390
9391
9405
9406
9516
9517
9518
9519
9520
9521
9522
9524
9525
9526
9527
9528
9532
9533
9535
9536
9537
9649
9650
9651
9652
9653
9654
9655
9656
9657
9659
9660
9667
9674
9758
9763
9764
9765
9766
9767
9768
9945
9946
9948
9949
9950
9951
9952
9961
9962
9963
9964
9973
9976
9977
9978
9979
10059
10060
10125
10129
10130
10131
10132
10133
10134
10135
10136
10137
10138
10139
10140
10141
10142
10143
10144
10145
10146
10147
10148
10149
10150
10151
10152
10163
10175
10178
10180
10181
10183
10227
10229
10230
10288
10289
10413
10414
10459
10460
10461
10462
10463
10464
10465
13000
13100
13101
13102
13103
13104
13105
13106
13107
13255
13267
13268
13279
13281
13282
13283
13284
13316
13346
13349
13370
13379
13380
13381
13382
13383
13384
13385
13386
13387
13388
13389
13390
13391
13392
13393
13394
13395
13396
13397
13500
13501
13502
13503
13504
13505
13506
13507
13508
13509
13510
13511
13512
13513
13514
13515
13516
13517
13518
13519
13520
13521
13522
13523
13524
13525
13526
13527
13528
13529
13530
13531
13532
13533
13534
13564
13565
13566
13567
13568
13569
13570
13571
13572
13573
13574
13575
13576
13597
13598
15760
15761
15762
15763
15764
15765
15766
17200
17201
17202
17203
19270
19330
19331
19332
19333
19350
19351
19352
19353
19354
19355
19356
19357
19358
19359
19360
19361
19362
19363
19364
19365
19366
19367
19368
19369
19370
19371
19372
19373
19374
19375
19376
19377
19378
19379
19380
19381
19382
19383
19384
19385
19386
19520
19521
19522
19523
19540
19541
19542
19543
19544
19560
19561
19562
19563
19564
19600
19601
19602
19620
19621
19622
19623
19624
19625
19626
19627
19628
19629
19630
19650
19651
19652
19653
19654
19655
19656
19657
19658
19659
19660
19661
19662
19663
19680
19681
19682
19683
19684
19685
19686
19687
19688
19689
19690
19770
19771
19772
19773
19774
19775
19776
19777
19778
19779
19800
19801
19802
19860
19861
19862
19863
19864
19865
19866
19867
19868
19869
19870
19871
19872
19873
19874
19875
19876
19877
19900
19901
19902
19903
19904
19905
19906
19907
19908
19909
19910
19911
19912
19913
19914
19915
19916
19917
19918
19919
19920
19921
19922
19923
19924
19925
19926
19927
19928
19929
19930
19931
19932
19933
19934
19935
19936
19937
19950
19951
19952
19953
19954
19955
19956
19957
19970
19971
19972
19973
19974
19990
19991
19992
19993
19994
19995
19996
19997
19998
19999
20000
20001
20002
20020
20021
20022
20023
20024
20025
20026
20027
20028
20029
20030
20031
20032
20033
20034
20035
20036
20037
20038
20039
20040
20041
20042
20043
20044
20045
20046
20047
20048
20049
20050
20051
20052
20290
20292
20293
20294
20295
20296
26042
26043
26045
26046
26047
26048
26050
26070
26071
26104
26105
26106
26107
26108
26109
26111
26112
26113
26116
26117
26118
26120
26121
26124
26128
26129
26130
26133
26134
26135
26136
26139
26140
26147
26151
26152
26153
26154
26155
26156
26179
26185
26186
26187
26188
26189
26190
26191
26198
26203
26205
26208
26209
26210
26211
26242
26243
26244
26245
26246
26247
26248
26249
26250
26251
26252
26253
26254
26255
26257
26258
26261
26262
26263
26264
26265
26266
26267
26268
26269
26270
26271
26275
26276
26277
26278
26282
26283
26284
26297
26299
26300
26301
26302
26303
26304
26305
26306
26307
26308
26309
26311
26312
26313
26314
26315
26316
26317
26318
26320
26321
26322
26324
26326
26328
26329
26330
26331
26332
26333
26334
26335
26346
26347
26348
26349
26350
26351
26352
26355
26356
26357
26371
26372
26373
26374
26375
26383
26384
26385
26386
26387
26388
26389
26390
26391
26392
26393
26394
26395
26396
26397
26398
26399
26400
26401
26402
26403
26404
26405
26406
26407
26408
26409
26410
26411
26412
26414
26415
26416
26439
26441
26444
26445
26446
26447
26448
26449
26450
26451
26452
26453
26454
26455
26456
26457
26458
26459
26460
26461
26462
26463
26464
26465
26466
26467
26468
26469
26470
26471
26472
26473
26474
26475
26476
26477
26478
26479
26480
26481
26482
26485
26493
26494
26495
26496
26497
26498
26499
26500
26501
26502
26503
26504
26505
26506
26507
26508
26509
26512
26513
26514
26515
26516
26517
26519
26520
26521
26522
26523
26524
26527
26528
26529
26530
26531
26532
26533
26541
26542
26543
26544
26545
26546
26547
26548
26549
26550
26551
26552
26553
26554
26555
26556
26557
26558
26559
26560
26561
26562
26563
26564
26565
26566
26567
26568
26569
26570
26571
26572
26573
26574
26575
26576
26577
26578
26579
26580
26581
26582
26583
26584
26585
26586
26587
26588
26589
26590
26591
26592
26593
26594
26600
26601
26602
26603
26604
26605
26606
26607
26610
26611
26612
26613
26617
26618
26619
26620
26621
26622
26623
26624
26632
26633
26634
26635
26636
26637
26639
26640
26641
26642
26643
26644
26645
26649
26650
26651
26652
26653
26654
26656
26657
26658
26659
26660
26661
26665
26666
26667
26668
26669
26670
26671
26672
26673
26674
26684
26685
26686
26722
26723
26724
26725
26727
26728
26730
26731
26732
26736
26737
26738
26830
26882
26883
26884
26885
26886
26887
26888
26889
26890
26891
26892
26893
26907
26908
26909
26926
26927
26928
26929
26974
26975
26976
26977
26986
26987
26988
26989
26994
26995
26996
26997
27002
27003
27004
27005
27026
27027
27028
27029
27030
27041
27042
27043
27044
27045
27047
27048
27049
27050
27055
27056
27057
27058
27059
27060
27061
27062
27063
27064
27065
27066
27067
27068
27069
27070
27071
27072
27073
27074
27075
27076
27077
27079
27080
27081
27083
27084
27085
27086
27087
27091
27092
27095
27096
27097
27098
27099
27100
27101
27102
27104
27106
27107
27108
27109
27115
27116
27117
27118
27119
27120
27132
27134
27135
27136
27137
27138
27139
27140
27141
27142
27144
27145
27146
27147
27148
27149
27150
27151
27152
27153
27154
27155
27156
27157
27158
27159
27173
27179
27180
27181
27183
27184
27185
27186
27187
27190
27200
27203
27204
27205
27207
27208
27210
27211
27212
27213
27214
27215
27216
27217
27218
27219
27220
27221
27222
27223
27224
27225
27226
27227
27228
27229
27230
27231
27235
27236
27242
27243
27244
27245
27246
27247
27248
27250
27251
27255
27256
27257
27258
27260
27261
27263
27264
27267
27268
27269
27270
27271
27272
27273
27274
27275
27276
27277
27278
27279
27280
27303
27304
27305
27306
27313
27314
27315
27316
27317
27318
27319
27320
27321
27322
27323
27324
27325
27326
27327
27328
27329
27330
27332
27333
27334
27335
27336
27337
27338
27339
27340
27343
27345
27349
27352
27353
27357
27358
27359
27360
27361
27371
27398
27422
27423
27424
27425
27426
27429
27430
27433
27434
27435
27446
27449
27452
27473
27477
27478
27590
27591
27592
27593
27594
27595
27596
27598
27599
27600
27601
27602
27603
27604
27605
27606
27607
27608
27609
27610
27611
27612
27614
27615
27635
27636
27645
27651
27652
27653
27654
27655
27656
27669
27670
27672
27673
27674
27675
27676
27677
27678
27679
27680
27681
27682
27683
27684
27685
27686
27687
27688
27689
27690
27691
27692
27693
27694
27695
27696
27697
27698
27699
27700
27701
27702
27703
27704
27705
27706
27707
27708
27709
27710
27711
27712
27713
27714
27715
27716
27717
27718
27719
27720
27721
27722
27723
27724
27727
27735
27736
27737
27738
27739
27741
27742
27743
27744
27745
27746
27748
27749
27750
27751
27752
27753
27754
27755
27759
27760
27761
27762
27763
27764
27765
27766
27767
27769
27775
27776
27777
27778
27779
27781
27782
27783
27784
27785
27786
27787
27788
27789
27790
27792
27793
27794
27795
27796
27797
27798
27799
27800
27801
27802
27803
27804
27805
27806
27807
27808
27809
27810
27811
27812
27813
27814
27815
27816
27817
27818
27819
27820
27821
27822
27823
27824
27825
27826
27827
27828
27829
27830
27831
27832
27833
27834
27835
27836
27837
27838
27839
27840
27841
27842
27843
27844
27845
27846
27847
27848
27849
27850
27858
27859
27860
27861
27862
27863
27864
27865
27866
27867
27868
27869
27871
27872
27873
27874
27875
27876
27877
27880
27881
27882
27883
27884
27885
27886
27887
27888
28072
28349
28350
28352
28353
28356
28357
28358
28359
28360
28361
28362
28363
28364
28365
28366
28367
28368
28369
28370
28371
28372
28373
28374
28375
28376
28377
28378
28379
28380
28381
28382
28383
28384
28385
28386
28387
28388
28389
28390
28391
28392
28393
28394
28395
28396
28397
28398
28399
28400
28401
28402
28403
28404
28405
28406
28407
28408
28409
28410
28411
28412
28413
28414
28415
28416
28417
28418
28419
28420
28421
28422
28423
28424
28425
28426
28427
28428
28429
28430
28431
28432
28433
28434
28435
28436
28437
28438
28439
28440
28441
28442
28443
28444
28445
28446
28447
28448
28449
28450
28451
28452
28453
28454
28455
28456
28457
28458
28459
28460
28461
28462
28463
28464
28465
28466
28467
28468
28469
28470
28471
28472
28473
28474
28475
28476
28477
28478
28479
28480
28481
28482
28483
28484
28485
28486
28487
28488
28489
28490
28491
28492
28493
28494
28495
28496
28497
28498
28499
28500
28501
28502
28503
28504
28505
28506
28507
28508
28509
28510
28511
28512
28513
28514
28515
28516
28517
28518
28519
28520
28521
28522
28523
28524
28525
28526
28527
28528
28529
28530
28531
28532
28533
28534
28535
28536
28537
28538
28539
28540
28541
28542
28543
28544
28545
28546
28547
28548
28549
28550
28551
28552
28553
28554
28555
28556
28557
28558
28559
28560
28561
28562
28563
28564
28565
28566
28567
28568
28569
28570
28571
28572
28573
28574
28575
28576
28577
28578
28579
28580
28581
28582
28583
28584
28585
28586
28587
28588
28589
28590
28591
28592
28593
28594
28595
28596
28597
28598
28599
28600
28601
28602
28603
28604
28605
28606
28607
28608
28609
28610
28611
28612
28613
28614
28615
28616
28617
28618
28619
28620
28621
28622
28623
28624
28625
28626
28627
28628
28629
28630
28631
28632
28633
28634
28635
28636
28637
28638
28639
28640
28641
28642
28643
28644
28645
28646
28647
28648
28649
28650
28651
28652
28653
28654
28655
28656
28657
28658
28659
28660
28661
28662
28663
28664
28665
28666
28667
28668
28669
28670
28671
28672
28673
28674
28675
28676
28677
28678
28679
28680
28681
28682
28683
28684
28685
28686
28687
28688
28689
28690
28691
28692
28693
28694
28695
28696
28697
28698
28699
28700
28701
28702
28703
28704
28705
28706
28708
28709
28725
28726
28728
28729
28730
28731
28732
28733
28734
28735
28736
28737
28738
28739
28740
28741
28742
28743
28744
28745
28746
28747
28748
28749
28750
28752
28753
28754
28755
28756
28757
28758
28759
28760
28761
28762
28764
28765
28766
28767
28768
28769
28770
28771
28772
28773
28774
28775
28776
28777
28778
28779
28780
28781
28782
28783
28784
28785
28786
28787
28788
28789
28790
28791
28792
28793
28794
28795
28796
28797
28798
28799
28800
28801
28802
28803
28804
28805
28806
28807
28808
28809
28812
28813
28814
28815
28816
28817
28818
28819
28820
28821
28823
28824
28825
28826
28827
28828
28829
28830
28831
28832
28833
28834
28835
28836
28837
28838
28839
28840
28841
28842
28843
28844
28845
28846
28847
28848
28849
28850
28851
28852
28853
28854
28855
28856
28857
28858
28859
28860
28861
28862
28863
28864
28865
28866
28867
28868
28869
28870
28871
28872
28873
28874
28875
28876
28877
28878
28879
28880
28881
28882
28883
28884
28885
28886
28887
28888
28889
28890
28912
28913
28914
28915
28916
28917
28918
28919
28920
28921
28922
28923
28924
28925
28926
28927
28928
28929
28930
28931
28932
28933
28934
28935
28936
28937
28938
28939
28940
28941
28942
28943
28944
28945
28946
28947
28948
28949
28950
28951
28952
28953
28954
28955
28958
28959
28961
28962
28963
28986
28997
28998
28999
29000
29002
29003
29008
29014
29015
29016
29017
29018
29019
29025
29026
29027
29028
29029
29030
29031
29032
29033
29034
29035
29036
29037
29038
29039
29040
29041
29042
29043
29044
29045
29046
29054
29055
29056
29057
29058
29062
29063
29064
29065
29066
29070
29071
29072
29073
29074
29075
29080
29081
29082
29088
29089
29116
29117
29118
29119
29120
29123
29124
29125
29130
29131
29132
29133
29134
29136
29137
29148
29159
29160
29162
29630
29631
29632
29633
29634
29643
29644
29676
29679
29681
29683
29700
29720
29721
29722
29723
29724
29725
29726
29727
29728
29729
29731
29732
29733
29734
29735
29736
29737
29741
29742
29751
29752
29753
29754
29755
29756
29757
29758
29759
29760
29761
29762
29763
29764
29765
29766
29767
29768
29769
29770
29771
29772
29773
29790
29791
29792
29793
29794
29795
29796
29797
29798
29799
29800
29801
29802
29803
29804
29808
29809
29810
29811
29813
29814
29821
29822
29824
29825
29860
29861
29862
29863
29864
29865
29866
29867
29868
29869
29870
29871
29872
29873
29874
29875
29876
29877
29878
29879
29880
29881
29882
29883
29884
29885
29886
29887
29888
29889
29890
29891
29892
29893
29894
29895
29896
29897
30000
30001
30002
30003
30004
30005
30006
30007
30008
30011
30012
30013
30015
30016
30017
30018
30023
30024
30025
32920
32960
32961
32963
32964
32965
32966
32967
32968
32969
32970
32971
32972
32973
33201
33206
33207
33208
33209
33210
33213
33218
33219
33220
33221
33222
33230
33471
33473
33475
33480
33481
33482
33483
33484
33485
33486
33487
33488
33500
33501
33502
33503
33504
33505
33506
33508
33509
33510
33511
33512
33513
33514
33515
33516
33517
33518
33519
33520
33521
33522
33523
33524
33525
33526
33544
33560
33561
33562
33563
33564
33565
33570
33571
33572
33580
33581
33582
33583
33584
33585
33586
33587
33588
33589
33590
33591
33592
33593
33594
33595
33596
33597
33598
33599
33600
33601
33602
33603
33604
33605
33606
33607
33608
33609
33610
33611
33612
33613
33614
33615
33616
33617
33618
33619
33620
33621
33622
33623
33624
33625
33626
33627
33628
33629
33630
33631
33632
33633
33634
33635
33636
33637
33638
33639
33640
33641
33642
33643
33644
33645
33646
33647
33648
33649
33650
33651
33652
33653
33654
33655
33656
33657
33658
33659
33660
33661
33662
33663
33664
33680
33681
33682
33683
33684
33685
33686
33687
33688
33689
33690
33691
33692
33693
33694
33695
33696
33697
33698
33699
33700
33701
33702
33703
33704
33705
33706
33707
33708
33709
33723
33724
33725
33726
33727
33728
33729
33730
33731
33732
33733
33734
33735
33736
33737
33738
33739
33740
33741
33742
33743
33744
33745
33746
33749
33750
33751
33752
33753
33754
33755
33756
33757
33758
33759
33760
33761
33762
33763
33764
33765
33766
33767
33768
33769
33772
33773
33777
33778
33779
33780
33781
33782
33783
33786
33787
33788
33789
33790
33791
33792
33793
33794
33795
33796
33797
33798
33799
33800
33801
33802
33803
33804
33805
33806
33807
33808
33809
33810
33811
33812
33813
33814
33815
33816
33817
33818
33819
33820
33821
33822
33823
33824
33825
33826
33827
33828
33829
33830
33831
33832
33833
33834
33835
33836
33837
33838
33839
33840
33841
33842
33843
33844
33845
33846
33847
33848
33849
33850
33851
33852
33853
33854
33855
33856
33857
33858
33859
33860
33861
33862
33900
33901
33902
33903
33904
33905
33906
33907
33908
33909
33910
33911
33912
33913
33914
33915
33916
33917
33918
33919
33920
33921
33922
33923
33924
33925
33926
33927
33928
33929
33930
33931
33932
33933
33934
33935
33936
33937
33938
33939
33940
33941
33942
37731
37732
37813
37814
37820
37821
37822
37823
37824
37825
37826
37827
37828
37829
37830
37831
37832
37833
37834
37835
37836
37837
37838
37839
37841
37842
37843
37844
37845
37846
37847
37848
37849
37850
37851
37852
37853
37854
37855
37856
37857
37858
37859
37860
37861
37862
37863
37864
37865
37866
37867
37868
37869
37870
37871
37872
37873
37874
37875
37876
37877
37878
37879
37880
37881
37882
37883
37884
37885
37886
37887
37888
37889
37890
37891
37892
37893
37894
37895
37896
37897
37898
37899
37900
37901
37902
37903
37904
37905
37906
37907
37908
37909
37910
37911
37912
37913
37914
37915
37916
37917
37918
37919
37920
37921
37922
37923
37924
37925
37926
37927
37929
37930
37931
37932
37933
37934
37935
37936
37937
37938
37939
37941
37942
37943
37944
37945
37946
37947
37948
37949
37950
37951
37952
37953
37954
37955
37956
37957
37958
37959
37960
37961
37962
37963
37965
37966
37967
38000
38001
38002
38003
38004
38005
38006
38007
38008
38009
38010
38011
38012
38013
38014
38015
38016
38017
38018
38019
38020
38021
38022
38023
38024
38025
38026
38027
38028
38029
38030
38031
38102
38103
38105
38106
38107
38108
38109
38110
38111
38112
38113
38114
38115
38116
38117
38118
38119
38121
38122
38123
38124
38125
38126
38127
38128
38129
38130
38132
38134
38139
38140
38141
38142
38143
38144
38145
38146
38147
38148
38149
38150
38151
38220
38221
38222
38530
38531
38532
38533
38534
38535
38536
38537
38538
38539
38540
38541
38542
38543
38544
38545
38546
38547
38548
38549
38550
38551
38552
38553
38554
38555
38556
38557
38558
38559
38560
38561
38562
38563
38564
38565
38566
38567
38568
38569
38570
38571
38572
38573
38574
38575
38576
38577
38578
38579
38580
38581
38582
38583
38584
38585
38586
38587
38588
38589
38590
38591
38592
38593
38594
38595
38596
38597
38598
38599
38600
38601
38602
38603
38604
38605
38606
38607
38608
38609
38610
38611
38612
38613
38614
38615
38616
41890
